100
848630 2499
254785 1 415432623 446231
835924 1 1 835925
920806 893188
263273 1 78647554 540855
67017 1 1 67018
845705 409827
427920 1 1 797293
443711 1 1 443712
919836 5268
211228 1 132091927 448880
131555 1 1 131556
70217 437121
58309 820 548491190 150258
435118 183 609851041 531824
909707 439310
725831 1 1 800787
32555 369 241392976 766173
942662 93133
247669 1 584263943 444178
121291 1 1 121292
981237 850009
154293 1 1 945410
897229 1 1 897230
134290 78349
117620 428 778632296 141062
22229 607 942937437 43399
340271 345206
128590 139 223343566 524756
545242 211 673762585 792719
913850 424647
807394 1 1 896652
810360 1 1 810361
875698 438053
719871 1 1 794068
438686 1 1 438687
1 395
18 246 615815 60
73 228 14618 195
937415 142432
175249 1 1 876511
21330 221 725100834 202831
914681 808950
162457 1 1 911309
831738 1 1 831739
358504 248460
520689 838 220955566 604190
35294 282 892116204 424248
1 205144
230351 1 894512917 415824
191512 480 42489516 614433
906193 503327
498601 1 1 851762
446863 1 1 446864
50303 802331
291097 1 931657360 570851
103804 3 326176290 289172
75628 511079
436888 204 123940429 761087
380977 616 808960134 591012
999092 873944
186964 1 1 987719
897690 1 1 897691
905574 827303
193264 1 408469833 423641
475234 1 1 475235
807983 354171
701026 1 1 777984
985231 1 1 985232
937655 178107
167668 1 1 896498
21380 478 144291271 635551
10 13
28 931 601463 36
231 539 556432 258
982541 400391
789271 1 1 869521
15224 790 378674923 700914
842112 653698
136531 1 1 805277
800289 1 1 800290
838784 429313
415068 1 1 827827
970672 1 1 970673
847769 441494
748031 1 1 830186
879395 1 1 879396
953803 827999
211429 1 690126251 414687
860883 1 1 860884
360478 25250
119664 930 406394552 349943
16275 932 49515143 61035
986766 599406
304060 1 71876632 578373
936334 1 1 936335
870860 913155
225822 1 950789587 560126
803443 1 1 803444
765247 98664
347276 910 778616150 792364
59509 955 284779478 766996
978971 482508
801893 1 1 890120
487815 1 1 487816
800800 697903
142536 1 1 771926
980470 1 1 980471
815072 1020
208215 1 78750849 455200
846998 1 1 846999
930198 797861
149789 1 1 891503
851767 1 1 851768
1000000 9674
274853 1 314887610 524093
566425 705 81162544 589609
841550 435774
756715 1 1 839772
810285 1 1 810286
1000000 800000
1 1 1 1000000
999999 1 1 1000000
28559 424150
181840 128 469362343 363333
6570 380 919273683 133847
1000 999
1 1 1 1000
999 1 1 1000
803509 498840
207541 1 623431533 486430
101976 1 1 101977
926847 7119
195401 1 938268265 440302
97698 1 1 97699
987562 5133
217120 1 978505396 477179
96408 1 1 96409
966288 701391
495772 1 1 943220
884815 1 1 884816
917881 794625
159020 1 1 907877
833355 1 1 833356
1000000 800000
999999 1 999999 1000000
999999 1 1 1000000
1000 999
999 1 999 1000
999 1 1 1000
911844 13201
255255 1 16149935 476641
425288 1 1 425289
153 316
246 793 665342333 558
110 937 683957056 168
984289 684164
109142 992 517000986 988802
496423 626 145005327 599525
811483 11490
306642 1 238160943 533531
77140 1 1 77141
946592 35985
285476 1 702480999 560459
502949 1 1 502950
926097 789464
165157 1 1 894311
852080 1 1 852081
295875 258560
99040 456 297606884 572440
153471 876 901048376 804642
1 765573
249537 1 961936223 484412
66382 779 91062444 132224
481716 172855
57630 166 102522878 102451
59970 862 152109133 279087
896648 610332
208150 1 857885859 500536
88998 1 1 88999
905568 765239
140013 1 1 850955
948890 1 1 948891
1000000 850509
888888 2 7 987553
899999 1 899999 900000
965951 752319
378442 394 235256698 464808
38375 335 668403955 226247
123504 495681
94455 297 905176919 911626
218571 48 475811368 537457
1000000 165902
194632 1 120436894 451053
77148 737 419597101 366129
927814 758324
171097 1 1 882231
813688 1 1 813689
662642 960637
448827 448 149305769 694660
236199 425 285635033 285493
963802 601632
291698 438 702228452 316493
233037 536 838548378 840134
917996 415844
319441 1 867648427 597286
471818 1 1 471819
197055 472825
183380 1 610571083 420745
39450 363 117989907 94667
925878 491079
201590 1 112408761 480074
830488 1 1 830489
881536 749824
235642 1 293308671 524456
824335 1 1 824336
817861 446525
409811 1 1 803227
806795 1 1 806796
827280 435221
741530 1 1 814699
818624 1 1 818625
254554 594057
15611 374 532691461 663172
8623 917 696342100 279650
846414 680989
135700 1 1 824401
829121 1 1 829122
1000000 782107
325299 1 422062847 571453
122355 26 91047850 274828
888430 230506
365190 526 64813099 856247
98083 169 849904005 336343
889119 994481
195550 1 218826032 428079
6702 744 835157477 588439
846327 415010
696390 1 1 770003
401517 1 1 401518
900057 585667
207093 1 841648309 412043
91830 1 1 91831
993210 678211
467982 1 1 877754
902981 1 1 902982
1 410680
267349 1 401183131 582996
605365 234 324075174 659785
654116 104478
402823 107 628935688 642041
38149 637 656259375 43111
895458 650289
448933 1 1 892240
809566 1 1 809567
851911 599114
405266 1 1 801288
823932 1 1 823933
969965 794788
151488 1 1 910965
872676 1 1 872677
6 5
10 1 3 17
5 2 7 19
704 381
610 173 693509044 967
639 130 371505459 953
827369 30794
243644 1 500210561 591662
407193 1 1 407194
155514 66888
244695 287 873943887 449878
45533 698 319564630 185543
868347 744318
157401 1 1 846493
801082 1 1 801083
999857 876775
177587 1 1 954924
898358 1 1 898359
869208 713451
140116 1 1 821435
803577 1 1 803578
1000 982
621 2 7 997
899 1 1 900
1000 700
1 1 1 1000
999 1 1 1000
869179 597897
435653 1 1 856497
840419 1 1 840420
967530 93308
270637 1 159854243 562667
876872 1 1 876873
1000000 987525
888888 2 7 987553
899999 1 1 900000
271125 576284
174853 283 486554056 357222
56140 913 482169887 174972
