100
937 554
253 961 413987767 540
825 1 1 826
995 943
284 494 137413750 493
61 964 7416673 331
10 13
28 931 601463 36
231 539 556432 258
336 52
24 472 459938204 210
316 687 32954721 566
879 488
446 1 1 873
818 1 1 819
91 748
219 252 203170873 757
7 503 767580642 543
661 552
51 94 684032057 52
233 691 498709034 692
934 735
215 819 342746012 409
473 1 1 474
973 671
517 1 1 970
885 1 1 886
153 316
246 793 665342333 558
110 937 683957056 168
861 712
153 1 1 799
819 1 1 820
938 17
223 446 561906723 445
88 1 1 89
883 965
219 970 537061213 513
421 1 1 422
801 422
172 407 890089397 406
69 1 1 70
821 808
238 1 755914461 545
931 1 1 932
996 787
177 1 1 986
905 1 1 906
704 381
610 173 693509044 967
639 130 371505459 953
878 444
781 1 1 866
512 1 1 513
1000 999
999 1 999 1000
999 1 1 1000
951 471
487 1 1 856
487 1 1 488
980 176
210 859 660401777 429
456 1 1 457
1000 700
1 1 1 1000
999 1 1 1000
63 838
159 886 729419667 793
105 978 170559487 428
981 669
236 236 532005244 816
177 8 104270849 356
922 2
198 436 544438193 435
178 1 2 180
832 529
119 1 1 736
640 206 773221323 979
999 180
286 571 568124609 570
102 1 1 103
936 12
209 86 861033288 425
822 1 1 823
538 776
23 720 21216543 427
626 281 102520727 878
34 163
16 871 53054219 20
210 514 942170991 382
1 262
255 567 315548451 566
305 69 313879419 866
803 349
703 1 1 779
906 1 1 907
82 532
45 659 402158059 202
135 768 236860180 258
817 470
397 1 1 782
935 1 1 936
903 549
437 1 1 868
806 1 1 807
920 425
768 1 1 839
24 808 252664756 57
970 446
874 1 1 967
857 1 1 858
999 545
218 1 935920354 487
164 650 428983727 352
933 627
166 1 1 834
837 1 1 838
61 611
193 817 936620507 408
40 807 739656524 120
823 659
138 1 1 812
980 1 1 981
981 799
245 468 608822148 467
497 1 1 498
1000 7
211 923 703494148 461
150 807 599925190 591
833 73
240 752 277906693 731
409 402 419894523 528
842 409
178 871 361417733 435
436 1 1 437
956 699
95 367 985200590 381
59 142 566974632 67
828 602
148 1 1 749
598 456 860834158 735
77 348
267 756 390737885 549
77 326 232993587 301
1000 863
267 566 50371693 565
113 112 378131866 150
292 972
137 267 938450234 486
93 537 147381379 751
846 479
448 1 1 845
818 1 1 819
1000 999
1 1 1 1000
999 1 1 1000
1000 767
283 562 892018760 561
70 483 719340708 606
932 609
246 534 656662684 533
849 1 1 850
1 800
292 1 577625840 577
166 638 64051655 170
854 702
123 1 1 759
803 1 1 804
492 203
182 649 806259632 309
303 541 468346790 999
1000 982
621 2 7 997
899 1 1 900
1 395
18 246 615815 60
73 228 14618 195
804 240
218 805 773206877 402
153 975 828638745 384
6 5
10 1 3 17
5 2 7 19
900 735
157 1 1 882
810 1 1 811
971 920
234 1 255813509 552
876 1 1 877
3 220
465 635 940885321 477
83 870 634787968 160
852 725
143 1 1 837
962 1 1 963
878 429
422 1 1 831
857 1 1 858
859 80
227 1 271551069 473
807 1 1 808
948 465
482 1 1 809
492 1 1 493
959 477
805 1 1 890
495 1 1 496
881 341
306 599 503237469 598
843 1 1 844
994 883
175 1 1 979
926 1 1 927
963 815
192 449 587405653 448
77 1 1 78
999 31
231 566 194943409 565
852 1 1 853
850 422
748 1 1 830
806 1 1 807
976 802
161 1 1 904
868 1 1 869
954 97
257 506 769647241 505
102 1 1 103
130 642
5 796 102675860 43
2 584 743893189 10
935 651
148 1 1 804
827 1 1 828
851 320
120 1 1 736
524 958 121911096 754
850 632
140 1 1 773
805 1 1 806
897 628
95 510 521153786 330
205 429 366625607 240
856 874
208 589 970675612 441
837 1 1 838
1 702
330 193 839464387 576
544 596 206950454 737
949 770
272 1 334241947 571
826 1 1 827
981 37
318 581 574915921 580
481 1 1 482
148 992
243 771 936345079 464
364 593 571083502 465
832 720
136 1 1 806
825 1 1 826
937 570
195 462 493944000 461
484 1 1 485
916 181
249 1 443277673 446
836 1 1 837
859 745
296 1 919424425 514
456 1 1 457
968 413
438 1 1 837
459 1 1 460
997 643
234 414 860362151 413
856 1 1 857
911 771
166 1 1 902
836 1 1 837
969 781
162 1 1 929
856 1 1 857
502 219
266 959 149568924 686
21 175 362258246 309
921 816
156 1 1 904
827 1 1 828
865 642
138 1 1 818
807 1 1 808
949 645
178 404 810122935 403
76 1 1 77
889 405
796 1 1 882
825 1 1 826
997 580
337 1 45385017 581
890 1 1 891
