100
10 13
28 931 601463 36
231 539 556432 258
1 729
289 534 290922584 533
13 864 52147849 193
1000 3
285 1 305283269 590
103 486 933004900 561
938 414
808 1 1 896
864 1 1 865
1000 999
999 1 999 1000
999 1 1 1000
961 884
227 547 323362513 546
21 860 951944079 291
951 850
183 1 1 941
846 1 1 847
834 512
210 471 66899238 614
37 136 714506725 722
997 467
232 1 296461549 410
412 450 712780624 538
958 13
251 476 996761431 475
103 1 1 104
972 948
277 474 987287123 473
92 1 1 93
815 504
270 915 456075204 457
536 1 1 537
833 361
714 1 1 793
805 1 1 806
902 351
312 307 599872407 836
478 535 254219686 855
880 494
216 539 578776221 538
423 1 1 424
934 23
201 927 576014868 463
871 1 1 872
873 170
2 136 626716282 4
341 675 564564894 902
431 200
287 84 170096638 791
267 121 916679897 781
871 483
430 1 1 850
805 1 1 806
1 14
268 927 140846070 463
504 602 812351296 559
989 558
273 481 875946409 540
888 1 1 889
879 453
753 1 1 822
428 1 1 429
922 3
249 1 230636693 507
98 1 1 99
905 992
269 560 827486600 559
821 1 1 822
859 485
234 435 160922611 434
800 1 1 801
842 151
244 877 735215651 438
78 1 1 79
926 1
267 463 599073551 462
110 1 1 111
173 61
646 732 821353916 823
507 917 166168242 657
908 793
160 1 1 886
819 1 1 820
225 792
5 996 937882219 12
3 683 37993887 78
998 433
442 1 1 810
493 1 1 494
704 381
610 173 693509044 967
639 130 371505459 953
48 34
556 210 609991261 914
149 924 906111840 957
917 919
245 1 990258263 538
78 1 1 79
978 611
208 809 73616061 404
74 1 1 75
876 758
147 1 1 861
810 1 1 811
878 362
253 1 756385107 566
410 1 1 411
149 440
573 866 638446570 844
78 947 506511389 79
6 5
10 1 3 17
5 2 7 19
827 820
108 363 298086468 381
147 767 259291362 591
961 870
253 533 19707215 532
503 1 1 504
801 616
150 1 1 784
859 1 1 860
971 314
130 1 1 783
11 915 953224986 134
1000 700
1 1 1 1000
999 1 1 1000
919 474
790 1 1 873
474 1 1 475
907 437
721 1 1 799
459 1 1 460
990 755
132 1 1 808
875 1 1 876
898 2
269 1 62513477 563
447 1 1 448
26 104
309 781 634337423 540
115 508 435344169 164
804 67
18 313 874670697 562
724 16 963700923 975
980 754
294 507 894429299 506
497 1 1 498
963 58
70 497 623909355 83
255 688 814469552 748
945 811
289 821 612246519 345
85 42 144674912 203
957 818
179 1 1 944
866 1 1 867
1 395
18 246 615815 60
73 228 14618 195
803 426
248 470 523729566 469
877 1 1 878
939 733
7 240 194938784 487
3 1 373528056 16
802 623
132 1 1 800
908 1 1 909
1000 969
288 525 573035673 524
1 12 388104682 13
908 753
232 839 127439874 419
99 1 1 100
960 768
157 1 1 883
854 1 1 855
102 679
194 988 481316821 423
207 239 505154530 516
888 270
47 779 118753875 177
637 924 860241936 826
838 676
260 733 290870683 549
809 1 1 810
907 417
807 1 1 886
138 64 228856645 867
929 438
821 1 1 912
804 1 1 805
865 765
148 1 1 841
882 1 1 883
828 375
408 1 1 747
445 1 1 446
903 376
757 1 1 826
5 358 314348702 117
836 650
220 513 657868031 512
93 1 1 94
877 572
157 1 1 842
126 957 904462621 669
893 741
273 592 735791132 591
431 1 1 432
958 710
477 1 1 941
866 1 1 867
221 111
51 645 687500543 195
143 445 452189787 517
950 810
180 1 1 949
894 1 1 895
890 684
141 1 1 866
865 1 1 866
1000 999
1 1 1 1000
999 1 1 1000
966 2
338 461 685170343 575
452 1 1 453
885 422
778 1 1 863
806 1 1 807
881 784
169 1 1 868
805 1 1 806
837 673
150 1 1 823
841 1 1 842
851 619
430 1 1 849
836 1 1 837
997 500
819 1 1 907
472 1 1 473
857 283
289 486 60361631 485
429 1 1 430
949 15
206 515 94150823 514
880 1 1 881
982 1
235 1 806823749 580
191 1 2 193
950 781
141 1 1 871
850 1 1 851
1000 465
226 562 646420460 459
251 594 448607286 353
875 440
453 1 1 763
424 1 1 425
850 452
747 1 1 827
804 1 1 805
738 730
194 628 913133308 546
56 337 302298325 801
888 983
249 741 232105389 500
876 1 1 877
1 175
263 897 227600785 448
904 456 28625446 934
814 709
141 1 1 790
969 1 1 970
430 397
339 67 551134482 396
426 420 441768957 962
546 810
305 394 341853676 950
29 13 965986201 90
843 942
220 889 42615223 444
424 1 1 425
1000 982
621 2 7 997
899 1 1 900
917 458
760 1 1 842
444 1 1 445
153 316
246 793 665342333 558
110 937 683957056 168
