100
10 2
1 2 3 4 5 6 7 8 9
100 100
-100
7 3
0 12 0 12 0
100 50
0 62 0 62 124 186 124 186 124 62 124 62 0 62 0 -62 0 62 124 186 248 310 248 310 372 310 248 186 124 62 124 62 0 -62 0 -62 -124 -152 -214 -276 -214 -276 -214 -276 -338 -276 -338 -276 -214 -276 -214
100 2
-3228 -470 -1454 -4039 -3924 -4107 -5414 -5811 -5677 -4018 -2022 -1755 -1817 -929 -3312 -4194 -3664 -3179 -3019 -3654 -4833 -3438 -1153 -1986 -1872 -3939 -6366 -4287 -3541 -4095 -2001 -3424 -5770 -3610 -1216 -1472 -2184 -2137 -4064 -5915 -4649 -3813 -3393 -1655 -3063 -4610 -3989 -3059 -1730 -1033 -913 -4057 -3610 -1240 -3462 -3004 -1439 -3011 -4009 -3076 -4628 -6229 -4453 -4273 -3744 -2631 -2544 -1218 -1599 -3082 -2677 -1471 -2346 -2597 -3342 -5129 -5472 -4219 -4052 -4689 -2915 -1283 -3339 -3755 -3080 -4674 -4592 -5279 -5287 -3570 -1645 -620 -1073 -1200 -2096 -2261 -1851 -1953 -2954
100 50
0 171 0 171 0 171 0 171 0 171 0 -171 -342 -513 -342 -171 0 -171 0 -158 13 184 355 526 697 526 697 526 355 184 13 -158 13 184 13 -158 13 -158 -329 -158 -329 -158 -329 -500 -671 -842 -1013 -842 -671 -842 -1013
100 50
0 245 0 245 0 245 490 245 490 735 980 735 490 245 490 245 447 202 447 202 -43 -288 -43 -288 -43 -288 -43 -288 -43 202 -43 202 -43 202 447 692 937 1182 937 692 937 692 937 1182 1427 1672 1427 1672 1917 2162 2407
100 50
0 171 0 171 0 171 0 171 0 171 0 -171 -342 -513 -342 -171 0 -171 0 -158 13 184 355 526 697 526 697 526 355 184 13 -158 13 184 13 -158 13 -158 -329 -158 -329 -158 -329 -500 -671 -842 -1013 -842 -671 -842 -1013
100 50
0 243 0 243 0 -243 -486 -243 0 -243 0 243 486 729 972 729 972 1215 1458 1701 1944 1701 1944 2187 2430 2673 2916 2673 2430 2673 2916 2673 2430 2187 1944 2187 1944 2187 2430 2187 1944 1901 1658 1901 1658 1415 1172 1415 1658 1415 1658
100 50
0 118 236 354 472 590 708 590 472 590 472 590 708 826 708 826 944 1062 1180 1062 944 826 944 1062 944 1062 1180 1062 944 826 944 1062 960 1078 1196 1078 1196 1078 960 842 724 842 724 606 724 842 724 842 960 1078 1196
100 50
0 242 484 242 484 726 968 1210 1452 1210 968 812 570 812 1054 812 1054 812 570 812 570 328 86 328 86 328 86 -156 86 -156 -398 -156 -398 -640 -882 -1124 -1366 -1124 -882 -1124 -1366 -1608 -1850 -1608 -1366 -1608 -1850 -1608 -1850 -1608 -1366
100 50
0 179 0 179 358 537 358 537 358 179 358 179 0 179 0 -179 0 179 358 537 716 895 716 895 1074 895 716 537 358 179 358 179 0 -179 0 -179 -358 -371 -550 -729 -550 -729 -550 -729 -908 -729 -908 -729 -550 -729 -550
100 50
0 -223 0 223 446 223 0 -223 0 223 446 223 0 -223 -446 -223 -446 -669 -892 -720 -497 -274 -51 -274 -497 -720 -497 -720 -943 -720 -943 -1166 -1389 -1166 -1389 -1166 -1389 -1166 -1389 -1166 -943 -720 -943 -720 -943 -720 -497 -720 -497 -720 -943
100 50
0 -328 0 -328 0 -328 -656 -328 -656 -984 -656 -328 -656 -328 0 -328 0 328 656 328 0 328 656 984 656 984 1312 984 1312 1640 1968 1640 1312 1640 1968 1640 1968 1640 1968 1640 1872 2200 1872 2200 2528 2856 2528 2856 3184 3512 3840
100 50
0 41 -22 -85 -148 -85 -22 -85 -22 -85 -148 -211 -274 -337 -274 -211 -274 -337 -274 -337 -274 -211 -148 -211 -274 -337 -274 -337 -400 -463 -400 -463 -400 -463 -526 -589 -526 -589 -526 -463 -400 -463 -526 -463 -400 -463 -400 -463 -526 -463 -526
100 50
0 318 636 318 428 110 -208 -526 -208 -526 -844 -1162 -1480 -1162 -844 -1162 -844 -526 -208 -526 -844 -526 -208 -526 -208 -526 -844 -1162 -1480 -1798 -1480 -1162 -1480 -1798 -2116 -1798 -1480 -1162 -1480 -1162 -1480 -1162 -844 -526 -208 110 -208 110 -208 -526 -208
100 50
-655 -816 -655 -494 -655 -816 -977 -1138 -1299 -1460 -1621 -1460 -1299 -1138 -977 -1138 -977 -1138 -977 -816 -655 -816 -977 -1138 -977 -816 -977 -816 -655 -494 -333 -172 -333 -172 -333 -172 -11 150 -11 -172 -333 -494 -333 -494 -655 -494 -655 -816 -977 -1138 -977
100 50
-1185 -1090 -1185 -1280 -1185 -1090 -1185 -1090 -995 -1090 -995 -900 -995 -900 -805 -900 -995 -1090 -995 -1090 -1185 -1090 -1185 -1280 -1375 -1280 -1185 -1280 -1375 -1280 -1185 -1090 -1185 -1280 -1185 -1280 -1185 -1280 -1375 -1280 -1185 -1090 -995 -1090 -995 -1090 -995 -900 -805 -710 -805
100 50
1179 988 1179 988 797 988 797 606 797 606 415 224 33 224 415 606 797 606 415 224 415 224 415 224 33 224 33 -158 33 -158 -349 -540 -731 -922 -1113 -922 -1113 -922 -1113 -922 -1113 -922 -1113 -922 -731 -922 -1113 -1304 -1495 -1304 -1113
100 50
14 -124 -262 -400 -538 -676 -538 -400 -538 -400 -538 -676 -538 -676 -814 -952 -814 -676 -538 -400 -262 -124 -262 -400 -262 -400 -262 -124 14 -124 -262 -124 -262 -400 -538 -400 -262 -400 -262 -400 -538 -400 -538 -400 -538 -400 -538 -400 -538 -676 -538
100 50
3611 3952 4251 4045 4386 4585 4253 4131 4053 4128 3794 3886 4154 3813 3472 3131 3082 3324 3158 3499 3471 3628 3969 3628 3287 3127 3030 2909 3250 2909 2568 2227 1886 1545 1708 1434 1746 1671 1330 989 648 912 682 341 0 341 682 1023 1364 1450 1791
100 50
1091 1051 1132 1051 970 976 967 1048 1003 933 852 807 888 962 1043 962 881 811 881 888 893 974 1055 1020 1011 1092 1091 1169 1096 1091 1010 1091 1123 1042 999 1080 1161 1242 1323 1311 1265 1346 1419 1338 1374 1293 1374 1455 1481 1562 1569
100 50
4084 4275 3998 4275 4113 3950 4156 4433 4710 4987 4710 4433 4190 4323 4440 4440 4163 4440 4717 4994 4774 4760 4932 4655 4536 4357 4080 3803 3962 3742 3661 3558 3330 3053 2862 3139 3390 3113 3227 3133 3269 2992 3269 2992 2715 2438 2161 2438 2161 2055 1793
100 50
873 633 471 517 757 585 689 449 689 929 738 598 838 789 855 739 569 789 991 751 511 459 219 459 699 939 699 939 1179 1190 1430 1230 1151 911 692 932 847 609 369 361 357 597 837 1072 1312 1333 1093 853 710 902 1142
100 25
97 490 541 -120 486 577 705 1167 1380 964 1625 2269 2328 2136 1940 1458 1439 1554 2040 2701 2199 1538 1783 1923 1551 1251 690 1250 1512 1204 936 732 71 519 567 40 57 659 1240 1014 1137 1199 538 650 101 762 997 336 289 0 158 414 -247 -380 -172 489 32 77 -96 387 884 348 98 -563 98 479 -182 72 7 -78 -82 -38 88 656 1042 1545
100 25
2106 1592 983 423 105 -512 -271 -949 -999 -371 -574 -701 -139 339 797 779 1119 1508 1410 1286 1432 1218 1233 1191 1696 2055 1986 1917 1799 2240 2735 2140 2742 2114 1436 1903 1600 1134 795 600 100 -578 -588 -345 -789 -1063 -1096 -599 -922 -1150 -1828 -1150 -802 -340 -103 80 -3 -328 -208 310 521 646 1173 1069 586 1264 1884 1216 702 694 1372 2050 2216 1903 2304 2911
100 25
197 315 196 412 586 438 381 521 532 747 611 786 520 669 868 829 1102 1037 818 657 424 320 511 583 528 527 682 955 682 781 1033 1306 1439 1506 1564 1837 1882 2051 2175 2170 2292 2242 2331 2338 2226 2186 2262 2010 1823 1861 2006 1846 1694 1781 1553 1574 1548 1385 1580 1350 1262 1105 1209 974 706 461 254 438 704 803 832 692 965 951 695 454
100 25
754 297 153 399 203 659 21 -191 -829 -922 -1560 -922 -706 -881 -529 -894 -458 -813 -477 161 799 598 522 -116 200 838 1060 1358 1005 741 923 1081 1719 2252 2688 2744 2386 2320 2313 2072 1912 1606 1847 1361 1081 783 1421 1467 1726 1088 627 224 -414 224 543 334 299 -136 -408 -1046 -526 -449 39 109 636 683 1176 1057 905 755 704 112 -496 -494 -385 -501
100 25
815 852 849 840 820 959 1005 1048 1015 982 1132 1054 1045 988 1056 1206 1163 1163 1185 1334 1424 1274 1124 989 1014 864 864 843 816 787 749 766 724 715 789 762 756 718 756 833 780 930 1080 1023 995 845 923 1007 1071 996 1119 1105 1081 1217 1117 1160 1135 1207 1357 1207 1131 1151 1258 1158 1013 1044 948 853 962 916 967 913 956 921 1024 1033
100 25
979 759 577 691 571 706 772 959 861 835 936 911 925 921 679 921 769 757 664 595 507 570 545 748 721 868 972 912 801 839 695 563 336 260 64 -178 -312 -219 -1 178 -22 -17 225 351 297 276 316 158 -35 -81 -9 129 263 502 426 361 446 438 380 622 848 1071 993 779 765 921 945 891 953 1054 963 766 1008 1177 1008 968
100 25
-464 -510 -576 -525 -484 -473 -467 -516 -518 -448 -400 -424 -471 -505 -472 -469 -426 -445 -456 -404 -383 -383 -341 -319 -279 -344 -335 -265 -281 -279 -347 -283 -282 -350 -382 -443 -391 -380 -360 -323 -293 -279 -249 -213 -216 -193 -142 -134 -202 -243 -173 -121 -162 -163 -175 -105 -151 -82 -19 -24 46 -24 28 77 13 47 -13 -75 -66 -89 -99 -149 -173 -159 -169 -178
100 25
698 695 642 511 558 730 834 949 1120 1129 1095 1184 1002 986 1060 1046 1095 1200 1221 1151 1135 1184 1106 1210 1283 1223 1349 1453 1581 1633 1451 1476 1474 1465 1283 1135 1181 1235 1417 1283 1142 1160 1162 1299 1241 1343 1319 1215 1117 1019 1021 880 825 843 919 940 935 877 897 996 1147 1194 1282 1159 1341 1414 1472 1481 1395 1370 1234 1197 1219 1383 1496 1676
100 25
4166 4293 4119 4619 3930 4405 4164 4519 4277 4173 3681 4176 3640 3060 2763 2464 2886 2928 3380 3743 3348 3623 3538 3643 3553 3489 2792 3166 2469 3132 3003 3417 2851 3340 3098 3292 3453 4051 4398 4531 4456 4064 4275 3910 3591 3991 4018 4423 4056 4751 5430 5745 5402 6074 5962 5976 5595 5846 5676 5743 5755 5796 5895 6188 6077 6550 6814 7032 7497 7119 6686 6410 6575 6611 6263 6143
100 25
5232 5467 5640 5738 5637 5385 5459 5592 5637 5623 5477 5582 5926 5706 6040 5744 6077 5958 5863 6235 6185 6196 5858 5521 5250 5448 4998 4981 4855 4651 4988 5029 5027 4976 4935 5104 5326 5145 5423 5492 5893 5844 5823 5674 5438 5361 4970 5166 5260 5325 4991 5452 5450 5270 5136 4969 4668 4786 5243 5323 5201 4740 4573 4256 4185 3906 3774 3504 3471 3293 3055 3516 3452 3234 3392 3853
100 25
1071 997 959 903 723 896 892 762 616 557 693 633 592 482 590 616 668 521 472 648 572 711 750 911 947 1068 1068 1103 1236 1247 1074 1132 1155 1187 1203 1023 1129 1153 1249 1127 1062 1030 1195 1249 1229 1145 1007 827 828 830 702 607 430 260 411 536 483 625 705 825 966 861 943 941 1050 1200 1238 1193 1150 1161 1248 1366 1519 1340 1467 1415
100 25
2882 2736 3150 3433 3418 3368 3409 3776 3771 3353 3320 3410 3786 3902 4033 3870 4106 4492 4341 4602 4472 4900 4848 4550 4388 4452 4886 4464 4307 4152 4399 4207 3998 3889 3970 3813 4149 3726 3540 3835 4099 3924 3626 3727 3781 3818 3550 3151 3166 3437 3313 3330 3432 3653 3965 3836 4245 4538 4220 4590 4336 4079 4138 4495 4506 4500 4523 4420 4770 4712 5027 5163 5166 5030 5042 5147
100 4
28 -289 -193 -409 -273 -79 -19 94 -59 43 -129 -173 -283 -505 -494 -399 -93 -96 59 -159 -424 -318 -335 -405 -473 -625 -737 -442 -187 109 39 -140 -55 -198 -66 -118 -290 -358 -572 -471 -313 -80 -14 -134 -288 -524 -377 -141 -131 33 -188 -226 -340 -516 -486 -451 -341 -375 -157 -211 -348 -259 -338 -273 -179 -247 -93 -289 -262 -266 -461 -262 -419 -278 -96 -257 -259 -132 -366 -419 -173 -421 -169 -240 -272 -76 -156 32 -55 -167 -433 -445 -539 -441 -253 -273 -99
100 4
5603 4313 5095 5000 5323 4480 4951 5281 5711 6016 5447 3955 4542 4528 3640 5092 4663 4217 3758 4059 3410 3388 3808 2458 2060 3537 5295 5414 5613 5059 4895 4373 4988 6348 4850 4220 3798 2313 3722 5464 6122 7734 5465 5688 4178 3740 5791 4615 4267 3264 3467 3237 4545 3777 1824 3407 2866 3089 5201 3393 3602 3115 1863 2876 3659 4222 4640 4976 3450 2838 2095 2879 4139 4689 6101 5853 5870 6001 4090 1944 1010 362 1813 1811 3290 5575 6060 8307 8201 8015 6531 4544 4162 4035 3544 4015 2688
100 4
-3975 -4242 -4513 -4113 -4994 -3861 -3389 -3084 -2814 -3005 -3914 -4391 -4379 -4867 -4531 -4838 -5409 -5341 -5837 -6287 -5242 -4732 -4862 -4862 -4640 -5400 -4447 -4559 -5239 -5478 -6122 -5633 -5740 -4599 -4193 -3670 -3560 -4505 -5129 -4659 -5350 -4011 -3552 -4177 -4169 -5492 -5467 -5375 -3791 -2582 -3425 -2782 -3794 -3828 -3147 -4436 -4027 -4639 -4604 -4420 -3853 -3163 -3294 -3100 -3553 -3799 -3250 -3926 -3578 -4276 -5289 -5260 -5552 -4924 -3776 -2621 -2469 -2698 -3152 -2750 -2880 -3105 -3057 -3837 -3850 -3417 -3279 -3288 -4088 -4143 -5209 -4845 -3656 -3629 -2474 -3361 -4065
100 2
359 2995 1975 -1730 -4295 -356 1734 -4493 -4094 -3645 -3229 3277 4903 2051 3023 1197 844 -512 -4809 -2223 1912 -1538 -4311 -1482 -3328 -125 4508 5550 2855 2277 3851 -1188 -3185 341 -1260 -4439 -1231 -1465 -3047 -972 2280 3857 3351 2020 -1981 -168 1545 -3946 721 3070 2546 1814 -3080 -1663 296 254 477 383 509 929 11 -3247 -1368 5220 3606 240 3474 3868 1855 1487 102 -380 -1370 -1133 1298 -272 -4072 -5857 -3639 565 3651 5350 -844 -443 4261 3027 -1336 -996 1351 3117 5702 2623 -787 -260 2713 365 263 4337 1449
100 2
1635 1063 801 1744 1737 610 208 885 695 469 1161 1408 1322 1650 1751 524 331 458 769 1688 2171 1730 195 381 1733 2116 1561 584 -41 618 930 859 1604 2008 1692 613 511 555 738 613 368 321 313 1255 542 628 1453 621 -118 863 1443 -38 853 1098 -240 -205 -501 582 2095 2302 764 269 1043 -25 96 164 -284 1300 1388 878 399 488 1680 1870 878 1037 1340 693 798 1028 734 525 232 -585 292 1522 1365 16 -24 189 893 1830 1669 2076 1473 1360 1155 341 207
100 2
2137 656 -88 -1548 -1141 -923 574 1169 3100 5819 5229 2522 -243 892 723 551 2118 2002 -73 -1687 -1322 530 4484 6437 4636 4296 1741 -49 2338 1158 -822 -1458 906 893 176 -91 2720 6739 6965 7097 4914 4332 2264 1528 1250 2268 2182 -692 -299 2390 4285 2430 4020 4372 3724 1094 891 5606 2023 -2003 362 3711 4053 3205 2761 -532 -1705 3466 6550 5627 3930 3416 4722 4410 2122 367 3193 5376 2340 694 -515 1322 3827 3308 5563 2854 -446 2150 1726 1998 1989 -164 34 -701 -559 3761 6605 3966 1132
100 2
-1923 -3634 -3993 -992 1660 3381 -314 -2811 1605 4181 3574 1157 -1909 -3192 -1160 -300 -2782 -1423 2336 700 -2888 -432 3082 1579 395 2067 501 -3244 -2653 -2392 -3615 -3432 308 1245 1412 -197 -3684 -3327 -450 2864 -230 -1451 1693 -691 -2077 -1260 439 676 -749 -588 -3010 -4384 -4194 -4482 -4874 -271 1283 820 1580 -1925 -6 1486 -1017 -1376 919 1773 -1812 -3330 -1752 -505 -2706 -1999 -1541 -2580 -1376 -145 1366 239 -1939 685 937 -3160 -522 -800 -3820 -542 1445 1419 -571 557 3431 2594 -572 -1628 -2565 -5160 -3522 -2132 971
100 2
1355 8788 -7653 -3604 6318 7291 8439 -8828 -7285 3764 9320 -4527 -6005 6945 -1080 2021 8292 -6379 62 -9611 -365 9321 4776 4673 1949 -4738 -2261 9736 443 9539 -9309 -8951 -9305 426 7053 -1420 6466 7648 -2869 -2516 9319 5101 -1159 548 -1332 8038 -7398 -7727 8844 3001 4188 -4170 6064 -4786 7428 6614 601 -3962 -7632 2136 7368 -8369 -4401 -3172 -6109 -661 -281 5985 -2337 744 -4217 5936 7857 -2899 4676 -8726 -4679 6360 -451 9883 -810 8701 -403 7434 -6720 -9592 -7132 7357 -8452 6010 6076 9621 -9318 -2451 4156 -629 -4312 7118 1066
100 2
-4814 -6138 -1932 -1597 777 -8811 8907 -6049 7918 5982 -6137 9437 -2706 6257 -5673 -5237 5501 6803 -8814 5166 7111 5238 -6905 -5097 -4909 3690 -5258 -3090 9739 1658 -7583 -2007 7252 -2008 -8896 9693 5633 2601 -6107 -4981 9559 -468 -8638 -4102 -8029 -3266 -3094 -7744 -5322 -8112 -4102 -4845 5413 5313 -1604 -8460 5541 -1823 6577 -7084 -3979 2427 -5047 7735 -6159 6367 6142 6453 4618 -6132 -1215 9844 323 -3711 -6097 -4571 -471 -1768 -871 9873 -1582 8428 -1697 -6524 4551 6787 -3171 -2051 6230 -3135 586 102 -1100 -6753 2130 -2087 -6803 -6926 5944
100 2
3202 8551 4426 8683 644 824 -9738 8877 789 -138 -7967 -4169 7829 -2009 8390 4280 7770 -8744 -9197 -9379 -800 9804 -5693 -1658 -4668 3948 -7458 9220 9291 -1445 3178 -4218 -2033 -6218 3607 -3097 -8923 2252 1715 2466 4357 5749 851 -6090 7742 -6026 8255 -3226 -3183 241 -3732 9148 -3649 -8149 1052 -4358 4047 -888 -7849 7446 -1585 -1657 -4130 -1899 4459 -4137 4379 -3546 7775 -1263 1516 5544 128 3544 9852 -7694 -3305 7158 693 -5552 1874 -4741 -8103 -4595 -204 -3843 1672 -6561 -9684 5166 4415 4094 4064 7856 9904 -8276 -8329 9170 -5091
100 2
6455 8047 -5595 -2998 1541 2406 7657 -6469 4769 5914 -9741 -671 9206 -8561 2783 -2118 -2178 5422 -7018 5589 2505 8508 8145 2777 -1308 9967 7867 -6874 -4816 9890 1576 2356 4983 8671 -7348 8364 3753 3841 8697 3275 -8108 4438 6735 5031 -6742 -8765 -7878 -6119 8408 2766 -5572 1773 3256 -6726 9828 9327 -6928 -2259 -6390 -4675 -4670 4092 8094 2122 -1234 -3923 2754 -434 -917 -1699 5900 -4793 9917 -1955 8248 -7217 8 -9794 847 7062 -4562 9235 8376 -1320 9490 -1790 -4704 9132 5555 -2027 6665 -297 250 783 -5400 -5403 -335 8427 -2912
100 5
-4712 396 933 8110 9339 9029 -4513 7443 2280 1282 5426 839 -3950 -9540 8879 -2593 -272 2640 8325 -3302 9771 -7986 6184 9533 -4490 3648 -153 7802 -3638 -7663 -6462 131 9110 -9259 -6153 1655 7836 670 -5532 -5648 -6855 -1926 -8219 -2482 2092 4413 -3111 5715 6744 -9244 664 2685 6443 2549 -4218 -8225 -8111 4515 -9080 8367 -2299 6820 1625 -5255 -6654 -8343 800 -6417 -8114 -3165 -4138 7226 3230 9241 -1881 -6662 -5646 -4355 3179 5864 6352 2185 -5370 -8537 -2961 -4970 -8524 3283 -1753 2498 -3557 7324 6990 9854 -2488 2219
100 5
717 8002 9826 5411 -6754 -7651 8545 -1501 4571 -5641 -6529 3957 8327 -8020 2068 4057 -1934 2574 -8249 -5337 6520 2932 -3830 -5097 -9566 -9270 -7816 -1742 3349 -2790 -6074 -4925 8731 -9807 3658 8459 -1413 -6554 -2805 9694 5847 2963 -9591 6759 5020 -4526 4898 -160 -1076 -8512 -4449 9098 -1088 -8374 7671 2261 5887 8395 3312 -1172 -9997 -2520 -2306 -4731 4381 -8934 -8084 -8066 8059 9297 -7683 -5748 -3170 -6044 -7070 636 -1060 2285 2424 4929 -2937 4678 -4584 -7176 1503 3961 -1123 -9506 4801 8279 -1697 3260 -1078 -1538 230 -7608
100 5
-7147 -2212 -5542 737 -1809 -380 1024 547 7851 48 868 6413 5731 2052 -934 9536 -8577 -5441 2721 -3863 -9442 5809 7436 -1047 2546 -4540 -5864 -6678 -4430 -8471 9735 -4745 9307 -6788 -5441 5817 -7570 6597 7815 -6291 -5283 8115 -2281 917 3888 263 5666 6856 -7278 -6483 -7116 -8514 -10000 5031 302 -8560 -3663 96 279 2317 2447 6034 5757 8098 -8898 9163 -9285 -2108 -6140 7339 1558 -9663 -1182 -2190 -7757 5984 -2039 9113 -6776 -2322 5475 -3529 7661 -9624 -8177 -7389 308 6196 -6068 5472 -5126 8085 7954 -1262 376 -6434
100 5
47 -4844 -5105 2393 8063 -898 -3439 2673 -5335 -301 -3992 -2499 -8590 -6491 -5342 595 -1190 9833 7959 2883 9902 8288 8276 2142 -9049 9526 -8648 -9398 4738 -5368 8825 -9544 7912 -8001 4348 -651 7172 9095 -4812 3750 6621 -2076 -3349 8954 2931 9642 -9061 -1286 7854 1026 -7996 -8364 -1406 -2997 2361 8588 -9349 -2245 7808 3823 -4648 3580 -8156 -4048 -8813 -9781 -5950 -7916 6678 2826 5232 -9648 -9336 7531 7251 9772 -5098 -2497 3760 5632 -9036 2551 7598 1180 -8231 2762 -9705 -8591 9041 7814 -9177 -2822 -5876 7899 -2120 1499
100 10
2063 5108 -6768 6759 -4264 -5849 1555 660 5064 737 -7236 8989 -338 3210 -3412 -487 8936 3497 -8697 9465 -2070 7282 1828 -1370 -6742 5351 -498 1708 -2001 -1105 -1249 7727 4831 -3064 6698 2090 2889 1782 6147 8880 -1858 -9645 4838 8895 5418 -6967 7124 -8645 934 6317 -3610 3446 4705 6838 -9217 -2770 -9989 -2188 -4382 -910 -5583 4591 4650 -2348 1360 -507 -6867 -276 -7507 -5129 -1791 4706 -9956 -1377 4769 -10 -8524 496 -7864 -1213 -7666 9339 -263 -5713 -7784 -8032 -2016 -3943 -5767 -1636 1477
100 10
-2170 -7835 9353 -1532 741 -2451 9322 -2293 -8761 -1809 1121 4497 -4251 -804 1660 -797 -3756 5757 -1389 221 -2820 7470 3234 7756 -6639 3222 2916 2936 8545 -9867 4920 -8628 8753 -2377 984 6704 10 -3253 699 6020 -4032 -9247 6710 375 -7959 1099 -5735 1777 7484 8493 7376 -2936 -3404 9883 -8152 4446 2400 3054 -697 -7857 4273 -985 -6497 633 2129 -3970 2902 8520 -7920 -2195 5428 -8060 -4089 4803 867 4328 3420 -6981 2710 -3092 -7142 -3742 2115 -8626 4139 308 5817 -589 -6664 5924 -1266
100 10
-7273 -5075 6661 9083 5428 9924 -3043 5573 -3668 8437 1284 -4317 7631 4036 4107 -3430 4263 -5360 7656 770 4372 4996 6081 -8204 8885 -8143 -8746 -3837 3571 -8537 2519 5654 -6996 -5452 4716 4497 -3512 -3965 -4907 -9856 274 4297 443 -2396 -6756 8465 5033 2160 -313 111 -2263 5223 3845 8215 6979 -8379 1795 -2165 -195 -520 -5110 459 9683 3102 -2207 -3819 5672 4565 -2407 2998 5899 6331 3741 -7622 2122 -179 -8161 -1237 -1555 3085 7191 -2213 -4138 5694 -3893 -1987 9978 -7698 -3727 5862 3101
100 10
7367 696 9303 -5409 2563 2958 4382 -3253 -8488 9261 62 9916 5384 -75 9904 -2164 -443 -1818 -4038 -9627 2241 7515 -1006 1967 -6327 2043 -6344 1147 -6621 -8032 -2051 -1802 -1447 6717 -6201 6179 4612 -5775 -2411 2701 4246 -3793 -3720 5360 497 -3481 8857 -437 -9209 8718 -890 -108 -3487 6163 8131 -7042 -314 9422 -4169 5228 6001 6120 4871 6281 -6603 8740 5773 -4474 2806 -5669 -3629 885 9366 -2035 -9821 -6870 2601 5169 7241 796 6162 -4169 -1026 2537 -3474 -6498 -5139 -1461 -4929 -9269 -7100
100 100
7177
100 100
-126
100 100
-8507
100 100
701
2 2
7435
5 2
-5461 -9411 -338 -3669
10 2
-8593 -5950 6957 9440 9346 304 -6544 7617 -4449
100 100
-3126
100 2
-10000 10000 -10000 10000 -10000 10000 -10000 10000 -10000 10000 -10000 10000 -10000 10000 -10000 10000 -10000 10000 -10000 10000 -10000 10000 -10000 10000 -10000 10000 -10000 10000 -10000 10000 -10000 10000 -10000 10000 -10000 10000 -10000 10000 -10000 10000 -10000 10000 -10000 10000 -10000 10000 -10000 10000 -10000 10000 -10000 10000 -10000 10000 -10000 10000 -10000 10000 -10000 10000 -10000 10000 -10000 10000 -10000 10000 -10000 10000 -10000 10000 -10000 10000 -10000 10000 -10000 10000 -10000 10000 -10000 10000 -10000 10000 -10000 10000 -10000 10000 -10000 10000 -10000 10000 -10000 10000 -10000 10000 -10000 10000 -10000 10000 -10000
100 10
-10000 10000 -10000 10000 -10000 10000 -10000 10000 -10000 10000 -10000 10000 -10000 10000 -10000 10000 -10000 10000 -10000 10000 -10000 10000 -10000 10000 -10000 10000 -10000 10000 -10000 10000 -10000 10000 -10000 10000 -10000 10000 -10000 10000 -10000 10000 -10000 10000 -10000 10000 -10000 10000 -10000 10000 -10000 10000 -10000 10000 -10000 10000 -10000 10000 -10000 10000 -10000 10000 -10000 10000 -10000 10000 -10000 10000 -10000 10000 -10000 10000 -10000 10000 -10000 10000 -10000 10000 -10000 10000 -10000 10000 -10000 10000 -10000 10000 -10000 10000 -10000 10000 -10000 10000 -10000
100 20
-10000 10000 -10000 10000 -10000 10000 -10000 10000 -10000 10000 -10000 10000 -10000 10000 -10000 10000 -10000 10000 -10000 10000 -10000 10000 -10000 10000 -10000 10000 -10000 10000 -10000 10000 -10000 10000 -10000 10000 -10000 10000 -10000 10000 -10000 10000 -10000 10000 -10000 10000 -10000 10000 -10000 10000 -10000 10000 -10000 10000 -10000 10000 -10000 10000 -10000 10000 -10000 10000 -10000 10000 -10000 10000 -10000 10000 -10000 10000 -10000 10000 -10000 10000 -10000 10000 -10000 10000 -10000 10000 -10000 10000 -10000
100 100
-10000
100 3
-10000 10000 -10000 10000 -10000 10000 -10000 10000 -10000 10000 -10000 10000 -10000 10000 -10000 10000 -10000 10000 -10000 10000 -10000 10000 -10000 10000 -10000 10000 -10000 10000 -10000 10000 -10000 10000 -10000 10000 -10000 10000 -10000 10000 -10000 10000 -10000 10000 -10000 10000 -10000 10000 -10000 10000 -10000 10000 -10000 10000 -10000 10000 -10000 10000 -10000 10000 -10000 10000 -10000 10000 -10000 10000 -10000 10000 -10000 10000 -10000 10000 -10000 10000 -10000 10000 -10000 10000 -10000 10000 -10000 10000 -10000 10000 -10000 10000 -10000 10000 -10000 10000 -10000 10000 -10000 10000 -10000 10000 -10000 10000 -10000 10000
100 11
-10000 10000 -10000 10000 -10000 10000 -10000 10000 -10000 10000 -10000 10000 -10000 10000 -10000 10000 -10000 10000 -10000 10000 -10000 10000 -10000 10000 -10000 10000 -10000 10000 -10000 10000 -10000 10000 -10000 10000 -10000 10000 -10000 10000 -10000 10000 -10000 10000 -10000 10000 -10000 10000 -10000 10000 -10000 10000 -10000 10000 -10000 10000 -10000 10000 -10000 10000 -10000 10000 -10000 10000 -10000 10000 -10000 10000 -10000 10000 -10000 10000 -10000 10000 -10000 10000 -10000 10000 -10000 10000 -10000 10000 -10000 10000 -10000 10000 -10000 10000 -10000 10000 -10000 10000
100 21
-10000 10000 -10000 10000 -10000 10000 -10000 10000 -10000 10000 -10000 10000 -10000 10000 -10000 10000 -10000 10000 -10000 10000 -10000 10000 -10000 10000 -10000 10000 -10000 10000 -10000 10000 -10000 10000 -10000 10000 -10000 10000 -10000 10000 -10000 10000 -10000 10000 -10000 10000 -10000 10000 -10000 10000 -10000 10000 -10000 10000 -10000 10000 -10000 10000 -10000 10000 -10000 10000 -10000 10000 -10000 10000 -10000 10000 -10000 10000 -10000 10000 -10000 10000 -10000 10000 -10000 10000 -10000 10000 -10000 10000
100 99
-10000 10000
100 38
7245 4914 6432 -5757 -6421 -3118 -3387 5636 1392 8059 7530 9534 -2387 -139 4698 2163 -5247 -6860 7855 8695 -9391 -3455 -9409 9440 3285 -2522 5085 -1149 9498 9160 -3194 1907 6889 -4522 -9532 643 1971 -7274 -9299 3795 6069 -2755 3049 1495 8743 -8776 -7666 5877 7702 -9817 9761 -423 3629 -4699 7511 -2772 -6194 -987 -3194 681 9207 8069 3232
100 16
-8157 7214 8296 -9685 -5505 9290 2757 -2191 9556 -2551 1168 -723 -1393 2221 9182 -5380 -8926 3783 -1324 1964 -2683 1863 3669 -4525 -9963 8215 4434 7319 8286 9112 5833 -8380 523 -4136 -8587 -3133 -5062 9861 -8666 4261 -6762 -1835 5132 8369 9501 5358 -3116 -4867 6582 2682 7713 -6707 -7838 5885 5236 9214 -7402 5499 1153 3041 1248 -9544 -2773 -5256 3656 -7626 -4498 1281 -5187 7150 -3249 -2424 -3612 -7001 -4701 5288 -2855 -2931 -3824 -5160 -5154 -2524 8796 6478 6822
100 94
5443 6663 9621 4262 -9800 -9889 -4511
100 16
-4253 9807 -872 2934 -2141 -8729 7253 -5935 -5028 -3239 -1019 -5071 3939 5836 -6558 4798 2481 3418 -6473 2410 4440 -8803 4363 5068 6020 -3620 -4808 -46 3376 6613 7097 1436 5629 -8139 6841 -5529 4455 -5594 4981 -6850 -7964 -4713 -2415 6522 -6345 1521 -8215 -1966 -4234 6100 -172 -4667 9253 -8450 -9831 4154 5819 -7798 8938 198 1537 -3029 -5956 5525 6484 92 -767 -1943 -8075 -9599 2464 7793 3927 47 3453 -2606 -1248 602 2428 -5076 -813 -9719 -8211 814 -7578
100 76
-6694 -1312 8413 -7255 3533 -7495 -6890 -8161 -6794 398 2049 -1611 2348 -9637 5671 4271 2545 9603 -564 -1085 -7442 -1551 654 3585 -7389
100 96
5232 -229 -8374 -5806 -7978
100 34
-3987 1277 -1411 -4246 -3102 -1329 5101 -8536 5299 -8956 -1903 -7815 -3881 2830 4004 -2276 -9739 7140 -6610 5994 2314 -6684 3089 -4156 -910 9796 -1221 6092 -3687 1988 919 7858 226 5713 -7962 2787 -4622 7861 3029 -4496 -6982 8960 9811 -5625 6760 2776 9189 2257 -3077 -6233 -2359 -4299 8040 -1681 -4655 6749 2055 4153 9791 2509 8564 -1847 8032 -5325 -4907 -6459 -6222
100 64
7175 -3413 -4536 7497 -9045 6685 2988 -7425 -3252 -163 -22 -3512 -3196 -5746 8219 1716 7589 8080 -304 4108 -1368 -7080 -9847 -9747 -9107 5816 -450 -1051 -9001 -1761 -5462 385 -223 -6814 -4448 7405 462
100 27
-9149 4838 -3306 -8123 188 -9262 -2071 -2462 -9510 8988 149 2127 1697 9579 9332 -447 5478 735 -6709 7932 4286 -3119 5143 -2858 5309 -5190 -7694 3696 1346 5948 7311 -8066 -5624 -2110 9338 2515 -7907 2522 -6294 -2555 -2779 3742 -7120 -2200 -3678 5449 -4177 -5833 408 -8527 4109 8028 5921 492 -9220 -4769 1295 -839 398 -2657 729 -1499 7443 2027 -7594 -2206 -3854 -2047 8458 8866 7905 -2385 1432 -8066
100 59
-1098 -858 4434 -7578 325 -2999 3715 -9529 3982 9095 1799 -1652 8395 -2045 -4321 -4183 5797 -7842 -8627 9395 4393 -3644 -3326 -5322 -3351 9397 3086 9157 2558 -36 4218 -9316 4918 -307 -8541 1318 2337 -7145 5688 8208 6331 -2876
100 26
7434 841 -7182 3822 9830 2220 8405 -3409 -3943 -6225 7340 688 -2369 3965 2699 3466 4437 -5191 -2341 -8186 6357 -7315 9594 -8712 -2785 4926 1348 4502 3889 -9441 2525 1933 -1544 -5544 2663 -133 4436 597 51 -3814 5700 8249 -6963 2178 8904 -9262 8177 10 533 -6483 3911 -4478 4077 -156 -3254 -3000 4909 4833 9348 -7171 9280 -6033 -9815 7575 -9404 7245 -1881 2544 5979 -9372 -1087 -3115 -9874 -8061 5014
100 54
-8080 -5093 -3360 9398 4970 874 2982 -9695 -231 -6813 -3421 822 -7954 6789 -8883 1384 -2198 6775 -6162 2240 -6735 -9236 4345 8505 9019 -66 5130 7065 -3874 5031 -885 -1013 -8950 6335 -1639 4723 4753 -588 9464 2558 -5389 7903 159 63 454 2701 8937
100 77
-1991 7495 6264 7675 -4155 -9590 -438 -4379 3194 1602 497 -7153 3891 -6045 -2116 7762 718 1942 -546 -6821 -7250 -3810 -9318 -987
100 58
5174 798 7550 5959 -1782 -5457 -7294 8403 1262 -3714 256 7486 2323 1081 -5104 -4946 1623 2435 6865 4629 -1681 5205 -1019 -4877 -6992 -6204 6882 -1106 -3830 -1697 2757 -763 -2245 1269 3703 -7042 1643 -3171 -632 -766 -6068 -1831 6646
100 69
-7777 -5696 -6256 7447 -8118 1042 -1749 -5032 4190 2733 4201 -2641 -2010 -8935 -1796 -8706 -3871 7254 5923 -7753 -7632 5869 1175 4750 -2239 -741 -3387 -4595 5941 2 -9700 -6559
100 92
-9334 8788 3284 5279 2677 -1215 3044 -8153 -9209
100 71
-5518 1448 -3979 3609 7431 4037 1658 8041 -2762 2083 -2679 9920 6566 -9886 510 -540 -359 6155 -4119 -5650 -2587 8592 -9744 -6274 9501 3909 -272 -9824 -7000 2997
100 44
1259 -1823 4610 -6667 9323 770 -5618 -6036 4701 6804 6084 6303 5771 -1875 -1080 -854 -8614 -9002 7219 4214 4399 -7046 4254 -8388 1543 6587 -6094 -1170 -5220 9185 -9096 3266 6592 -3332 -7357 -973 1362 -9662 -7533 6368 -9356 1998 -1647 3464 -2583 -239 9126 -6977 8998 -8812 2483 -2112 -6848 4187 -4866 -3046 -2253
100 83
-495 6747 9653 7720 2950 5055 1640 8010 -420 -1753 9831 -6059 -2045 3711 -8356 -6182 -5201 4618
100 54
-2887 1496 -411 -1774 -619 187 -4935 -3521 5186 -7760 -4843 -184 -4408 -2095 2215 41 2610 -7067 8480 -474 -9200 -4603 5235 6537 -5302 6715 2447 1376 -4802 -144 9394 -2252 368 -6133 -3525 7420 8404 2125 -6486 3067 -1756 5235 4035 5663 -4067 7283 -7517
100 58
-150 6755 2700 1 9058 -2676 -6261 7021 1047 1347 5069 -5780 886 723 376 -8348 5873 2424 -665 -2662 -8512 -523 -2334 7796 7549 -2484 -8680 780 -6014 -2251 -2860 -795 8456 9731 -8736 -4914 -8612 -4171 2197 536 9746 -5747 -9276
100 70
-9625 8184 -7112 3294 -2349 3281 -8705 7578 -1461 932 -703 -1591 9750 4963 -9213 6958 5101 1999 -6128 9947 1448 7592 -9937 -7007 5564 686 -236 -9562 -5427 1765 -6136
100 65
4484 373 -6765 5777 -8377 4622 4583 5082 6625 -9439 5133 5003 3524 2052 7542 9293 8778 1036 1568 -3759 4283 2042 6725 7187 -6485 3785 -7097 4394 -7331 -1744 -3420 7378 -5872 6034 673 6764
100 97
-2804 2249 -4042 935
100 24
-6974 -7832 521 1613 5754 2772 -1692 970 -1544 -3265 84 2405 7776 7734 -9406 -3511 760 -7372 -1318 3850 -7239 4585 7830 -4289 3551 -9829 4509 4188 -4444 -2013 3407 9852 2401 1598 5207 -5326 -546 8754 -4707 3435 -5724 -4631 -5714 3775 8304 2493 4836 -5471 3701 955 -6304 -3945 5173 -2625 3427 9859 -7559 8928 -4112 1618 5726 -1380 2005 -9950 -543 4120 6873 6815 5981 8882 -7066 5612 8590 4518 4981 1409 6886
100 38
3415 4889 -3464 9231 -9415 -2919 7555 -7106 -3879 -6395 -6880 -6890 7266 -560 -5124 8367 -9837 -3898 1594 5424 1751 210 2975 1836 -7914 3265 3416 1197 -3056 5648 -9542 -3815 -2636 -9970 1709 -1105 2713 -4017 -7713 1592 -7230 -4091 6219 2678 4984 327 4880 4529 -3837 4420 1556 -5409 3265 -5706 5834 -2482 -263 3293 4005 6495 2962 2532 -9526
100 81
-5058 -2925 -6740 7647 -6604 5504 -7754 -8374 8798 4531 -2555 -1501 3140 5652 -7641 7702 -3659 -9054 -7466 9851
100 52
7793 4808 596 -9478 -7239 -5018 8545 7271 -9214 -9782 -3044 2694 2438 -8678 1910 -2142 5415 -4749 5796 3481 6866 -7207 3134 -358 292 8722 9026 -8392 -8988 -78 8097 -2033 -2533 -716 6586 -7110 -1198 -2059 2829 -5276 -5672 -3730 4037 -9642 5458 -4062 2654 -2863 2353
100 81
-8092 -8413 -4517 1263 1846 5854 -9029 -5269 -4984 -9910 9945 6185 -9460 -1468 5881 9086 3307 -8446 -3677 -2110
